1 90
2 73
3 66
4 67
5 94
6 94
7 78
8 76
9 61
10 97
11 73
12 69
13 97
14 98
15 62
16 75
17 93
18 72
19 71
20 63
21 74
22 77
23 90
24 93
25 85
26 97
27 75
28 67
29 88
30 84
31 79
32 68
33 74
34 79
35 92
36 91
37 82
38 95
39 70
40 65
41 78
42 68
43 82
44 63
45 65
46 67
47 99
48 74
49 99
50 78
51 75
52 60
53 62
54 75
55 79
56 100
57 86
58 62
59 94
60 96
61 80
62 99
63 63
64 88
65 74
66 79
67 93
68 73
69 81
70 82
71 97
72 60
73 80
74 66
75 100
76 76
77 94
78 93
79 67
80 94
81 92
82 60
83 61
84 100
85 96
86 84
87 78
88 67
89 64
90 74
91 70
92 72
93 87
94 60
95 70
96 90
97 64
98 79
99 67
100 84
