1 75
2 81
3 88
4 67
5 94
6 70
7 96
8 61
9 61
10 66
11 93
12 75
13 81
14 79
15 98
16 73
17 68
18 83
19 84
20 63
21 96
22 61
23 68
24 76
25 79
26 63
27 100
28 68
29 69
30 80
31 91
32 86
33 68
34 76
35 64
36 68
37 67
38 82
39 61
40 69
41 99
42 99
43 78
44 65
45 86
46 88
47 76
48 93
49 86
50 73
51 77
52 71
53 64
54 86
55 91
56 77
57 61
58 81
59 93
60 86
61 72
62 61
63 86
64 81
65 75
66 79
67 74
68 65
69 75
70 75
71 86
72 68
73 79
74 89
75 60
76 64
77 74
78 74
79 65
80 66
81 79
82 81
83 88
84 67
85 62
86 81
87 67
88 99
89 88
90 91
91 68
92 95
93 76
94 98
95 82
96 87
97 91
98 100
99 97
100 86
