1 65
2 89
3 76
4 68
5 77
6 93
7 81
8 96
9 90
10 94
11 61
12 83
13 64
14 98
15 96
16 94
17 82
18 98
19 69
20 96
21 91
22 93
23 93
24 70
25 83
26 64
27 73
28 63
29 98
30 94
31 97
32 97
33 98
34 62
35 94
36 91
37 86
38 95
39 73
40 64
41 90
42 87
43 89
44 92
45 71
46 94
47 88
48 88
49 100
50 68
51 84
52 88
53 90
54 79
55 65
56 80
57 78
58 76
59 63
60 99
61 92
62 66
63 92
64 62
65 84
66 82
67 92
68 65
69 93
70 99
71 62
72 94
73 91
74 86
75 76
76 77
77 98
78 82
79 90
80 87
81 95
82 93
83 64
84 83
85 91
86 77
87 64
88 62
89 61
90 71
91 88
92 94
93 87
94 96
95 95
96 76
97 60
98 85
99 92
100 94
