1 89
2 72
3 65
4 87
5 71
6 63
7 83
8 92
9 79
10 71
11 95
12 67
13 65
14 71
15 64
16 80
17 85
18 73
19 82
20 71
21 82
22 70
23 78
24 94
25 72
26 77
27 88
28 81
29 87
30 77
31 84
32 92
33 74
34 70
35 91
36 95
37 64
38 91
39 90
40 100
41 85
42 64
43 65
44 93
45 71
46 92
47 81
48 77
49 85
50 82
51 71
52 78
53 82
54 96
55 66
56 84
57 82
58 76
59 88
60 74
61 63
62 83
63 95
64 62
65 78
66 75
67 68
68 99
69 96
70 82
71 75
72 76
73 74
74 64
75 70
76 82
77 88
78 96
79 94
80 98
81 65
82 89
83 99
84 64
85 95
86 85
87 92
88 90
89 79
90 93
91 89
92 88
93 74
94 72
95 68
96 72
97 87
98 98
99 92
100 96
