1 86
2 65
3 95
4 92
5 65
6 74
7 61
8 89
9 72
10 86
11 91
12 83
13 92
14 89
15 84
16 68
17 91
18 89
19 96
20 81
21 83
22 60
23 91
24 66
25 83
26 91
27 62
28 65
29 87
30 83
31 91
32 73
33 100
34 88
35 98
36 73
37 94
38 99
39 89
40 87
41 80
42 89
43 93
44 84
45 90
46 67
47 75
48 77
49 61
50 70
51 89
52 88
53 98
54 95
55 99
56 62
57 64
58 82
59 88
60 90
61 82
62 61
63 78
64 67
65 82
66 89
67 81
68 91
69 93
70 94
71 93
72 94
73 83
74 88
75 92
76 78
77 88
78 63
79 77
80 71
81 62
82 69
83 67
84 71
85 75
86 93
87 66
88 88
89 100
90 85
91 80
92 65
93 67
94 64
95 82
96 66
97 73
98 83
99 92
100 74
